44142
6567
59255
59969
31973
69115
90652
34
97884
71049
85700
72172
13829
88153
27885
24955
95552
20708
54221
64235
92834
75785
55267
73877
78521
75855
11462
80211
83879
45310
65981
76521
30699
27421
17069
70809
65203
59246
69748
42767
54317
99077
7045
10538
25714
69573
23740
80715
83241
88706
1474
63339
40958
76521
42108
91898
12947
75365
93909
76822
86712
95561
58303
25711
29788
2826
77077
55792
54481
23644
37630
4990
58220
29756
34692
30195
50573
65155
205
25045
95389
41035
2231
15166
76840
81086
97316
42403
1854
23054
54533
75372
93880
36414
88850
79388
84753
77665
83697
54139
