 34.54
 34.87
 34.64
 34.85
 34.39
 34.61
 34.66
 34.71
 34.49
 34.09
 34.08
 33.85
 34.05
 34.21
 34.5
 34.56
 34.64
 34.41
 34
 34
 33.48
 33.35
 32.78
 32.62
 33.13
 32.76
 33.06
 32.9
 33.59
 33.2
 33.23
 33.28
 33.07
 32.62
 32.82
 32.75
 32.97
 32.65
 32.89
 33.13
 33.33
 33.16
 32.65
 32.69
 32.77
 32.88
 32.69
 32.89
 32.75
 32.51
 32.83
 32.66
 32.86
 34.23
 34.01
 34.09
 34.86
 34.76
 34.64
 34.42
 34.53
 33.72
 33.38
 33.37
 33.69
 33.49
 33.66
 33.9
 34.13
 34.33
 34.87
 34.37
 34.62
 35.07
 34.71
 34.67
 34.95
 34.8
 34.54
 34.35
 34.36
 35.03
 35.27
 34.57
 34.59
 34.51
 34.72
 34.88
 34.65
 34.41
 34.67
 34.8
 35.02
 34.99
 35.04
 35.91
 35.78
 36.18
 36.12
 35.77
 35.52
 35.57
 35.73
 35.61
 35.77
 34.79
 34.39
 34.65
 34.88
 35.12
 34.73
 35.16
 35.01
 34.9
 34.57
 34.27
 33.93
 34.29
 34.32
 34.33
 34.69
 34.8
 34.74
 34.66
 34.58
 34.57
 34.24
 34.21
 34.78
 34.65
 34.02
 33.81
 34.05
 34.23
 34.35
 34.36
 33.95
 33.38
 32.37
 31.8
 32.69
 33.44
 33.29
 33.2
 32.32
 32.82
 33.04
 32.56
 33.14
 32.78
 32.75
 32.72
 32.55
 32.86
 32.94
 32.78
 32.55
 32.56
 32.27
 32.2
 32.11
 32.33
 31.9
 32.07
 32.58
 32.53
 32.64
 33.43
 33.31
 33.12
 33.4
 33.14
 33.3
 33.22
 33.27
 33.49
 33.83
 33.63
 33.75
 33.6
 33.96
 33.74
 33.66
 33.21
 33.42
 33.55
 33.51
 33.61
 33.63
 33.48
 33.34
 33.16
 32.84
 32.79
 32.92
 32.69
 32.31
 33.04
 33.26
 33.54
 33.62
 33.66
 33.46
 33.39
 33.45
 33.57
 33.67
 33.77
 33.56
 33.1
 34.11
 34.27
 33.85
 33.57
 33.67
 33.17
 33.6
 33.81
 34.4
 34.03
 33.6
 34.09
 34.41
 34.78
 34.66
 34.76
 34.93
 34.74
 34.41
 34.35
 34.59
 34.06
 33.51
 33.54
 33.95
 33.9
 33.74
 34.3
 33.99
 34.51
 33.9
 34.54
 35.14
 35
 35.4
 35.48
 35.53
 36.06
 36.18
 36.06
 36.72
 36.53
 36.88
 37.11
 36.65
 36.43
 36.21
 36.47
 36.65
 36.64
 36.99
 36.57
 36.86
 36.74
 37.1
 37.37
 37.13
 36.95
 37.39
 37.69
 37.99
 37.93
 38.13
 38.09
 37.98
 38.31
 38.36
 38.32
 38.52
 38.77
 39.12
 38.56
 38.92
 38.63
 38.54
 38.88
 39.07
 39.45
 39.37
 39.17
 39.05
 39.36
 39.19
 38.64
 38.59
 38.5
 38.39
 38.67
 38.25
 38.42
 38.48
 38.65
 38.92
 38.72
 37.86
 38.07
 38.21
 38.09
 38.72
 38.64
 38.82
 39.1
 38.91
 38.88
 38.74
 38.99
 38.86
 39.31
 39.18
 39.55
 39.15
 39.28
 39.11
 38.45
 38.44
 38.45
 38.32
 38.5
 38.62
 38.84
 38.99
 39.15
 38.73
 38.84
 39.21
 39.34
 39.79
 39.86
 40.09
 40.33
 40.19
 40.38
 40.29
 40.49
 40.73
 40.78
 41.07
 41.3
 41.88
 41.52
 42.03
 42.02
 42.54
 43.21
 43.47
 43.35
 43.1
 42.3
 42.61
 42.51
 42.41
 42.59
 42.77
 42.89
 42.85
 42.77
 42.71
 42.52
 43.11
 42.94
 42.38
 42.76
 42.58
 43.29
 43.18
 43.16
 43.14
 43.08
 43.16
 42.93
 43.08
 43.2
 43.39
 43.28
 43.02
 41.96
 41.86
 41.4
 41.01
 40.91
 40.85
 40.87
 41.07
 40.68
 41
 40.89
 40.88
 40.96
 40.95
 41.23
 41.27
 41.19
 39.71
 40.71
 39.97
 39.89
 40.45
 40.2
 40.06
 39.96
 40.57
 41.11
 41.28
 41.14
 41.46
 40.85
 40.73
 40.61
 40.77
 39.9
 39.16
 39.11
 38.87
 39.01
 39.1
 39.33
 39.37
 39.22
 39.27
 39.36
 39.38
 38.65
 37.49
 36.86
 36.7
 36.43
 36.52
 36.51
 36.79
 36.56
 36.37
 36.63
 36.5
 36.81
 36.99
 37.44
 36.57
 36.51
 36.13
 36.77
 37.15
 37.41
 37.56
 37.74
 38.55
 38.73
 39.21
 39.54
 39.48
 38.63
 38.88
 38.61
 38.63
 39.35
 40.45
 40.41
 40.38
 41.12
 41.36
 41.1
 41.5
 41.67
 42.12
 42.47
 42.36
 42.72
 42.73
 42.65
 42.52
 42.66
 42.53
 43.02
 42.77
 42.65
 41.32
 40.8
 40.81
 40.61
 41.01
 40.96
 41.11
 40.8
 41
 41.45
 42
 41.36
 41.39
 41.77
 42.01
 41.82
 42.16
 42.06
 41.18
 41.25
 41.06
 41.12
 41.21
 41.31
 41.38
 40.65
 40.75
 41.12
 41.25
 41.48
 41.73
 41.59
 41.95
 42.36
 41.82
 41.79
 42.04
 42.07
 42.01
 41.96
 41.88
 41.77
 41.94
 42.35
 42.37
 42.09
 42.59
 42.44
 42.61
 42.42
 42.08
 41.65
 41.65
 41.68
 41.49
 41.56
 41.45
 41.76
 41.55
 41.57
 41.69
 41.51
 40.6
 40.59
 40.38
 40.31
 40.56
 40.28
 40.3
 40.25
 40.25
 40.36
 39.93
 40.02
 39.94
 40.44
 39.91
 39.63
 39.1
 38.95
 38.4
 38.01
 38.56
 38.57
 38.22
 38.45
 38.44
 38.49
 38.59
 38.19
 37.46
 37.95
 38.24
 38.25
 38.31
 38.15
 38.23
 38.12
 38.55
 38.53
 38.87
 38.87
 38.81
 38.73
 38.76
 38.5
 38.79
 39.07
 38.68
 38.72
 38.84
 38.96
 38.91
 38.66
 38.15
 38.1
 37.95
 38.15
 37.7
 37.94
 37.62
 37.73
 38.11
 38.12
 37.18
 36.98
 36.83
 36.6
 36.83
 36.21
 36.3
 36.39
 35.99
 36.13
 36.52
 36.51
 36.23
 36.22
 38.03
 39.41
 39
 39
 38.88
 38.27
 38.28
 38.43
 38.52
 38.36
 38.36
 38.19
 38.1
 38.5
 38.16
 38.23
 37.6
 37.37
 37.58
 37.98
 37.92
 37.68
 37.99
 37.94
 37.85
 37.67
 37.46
 37.48
 37.09
 36.57
 35.6
 35.59
 35.74
 36.26
 36.55
 36.32
 37.1
 37.42
 38.21
 38.43
 38.22
 38.59
 39.12
 38.72
 38.77
 39.04
 39.17
 39.11
 39.48
 39.5
 39.51
 38.59
 38.3
 38.5
 38.19
 35.86
 35.7
 36.17
 36.23
 35.71
 35.69
 35.54
 35.25
 34.86
 33.49
 33.68
 33.97
 33.54
 33.65
 33.55
 33.17
 33.3
 32.86
 33.07
 33.44
 34
 34.22
 34.17
 33.72
 33.81
 34.52
 34.51
 34.64
 34.33
 34.87
 34.81
 34.68
 35.42
 36.48
 36.38
 36.5
 37.27
 36.55
 36.11
 36.17
 36.73
 36.9
 38.1
 38.04
 37.74
 38.24
 38.46
 38.05
 38.55
 38.88
 38.94
 39.06
 38.89
 39.18
 38.88
 38.54
 37.65
 38
 38.14
 38.25
 37.49
 36.62
 36.48
 36.9
 36.72
 36.85
 37.15
 37.21
 37.87
 37.19
 37.02
 37.45
 37.82
 37.26
 37.44
 37.45
 39.16
 38.07
 36.63
 36.83
 36.93
 35.57
 36.05
 36.37
 36.6
 36.41
 37
 37.14
 36.77
 36.31
 36.47
 36.72
 37.46
 36.87
 36.3
 36
 36.35
 36.7
 36.87
 36.91
 37.11
 37.05
 37.36
 37.39
 37.03
 37.04
 37
 36.58
 36.34
 36
 35.37
 34.7
 34.69
 34.9
 35.56
 35.65
 35.1
 35.37
 35.88
 36.14
 35.63
 35.17
 35.81
 35.25
 35.16
 35.14
 35.64
 35.36
 35.21
 34.82
 34.67
 34.89
 35
 35.2
 33.1
 33.04
 32.7
 32.54
 32.06
 31.94
 32.14
 32.04
 31.7
 31.4
 31.88
 32.29
 32.19
 32.09
 32.3
 31.93
 32.05
 32.59
 32.43
 32.33
 32.78
 32.51
 32.33
 32.57
 32.32
 32.47
 32.41
 32.68
 33.38
 33.81
 33.83
 34.18
 34.35
 32.22
 32.52
 33.15
 32.19
 32.39
 32
 31.6
 31.69
 31.71
 31.62
 31.65
 32.19
 32.11
 32.21
 32.71
 32.6
 32.68
 32.15
 32.5
 31.87
 32.23
 31.67
 31.9
 31.76
 31.71
 31.27
 31.1
 31
 31.68
 30.25
 30.35
 31.08
 32
 31.97
 31.9
 31.85
 32.27
 32.11
 32.4
 32.36
 32.49
 32.26
 32.21
 32.24
 32.47
 33.09
 33.03
 33.11
 33.4
 32.68
 32.49
 32.64
 32.83
 32.67
 32.23
 31.96
 31.94
 31.86
 32.02
 32.18
 32.12
 32.39
 32.67
 33.42
 33.68
 33.6
 33.62
 33.72
 33.37
 33.44
 33.78
 33.91
 33.76
 33.35
 33.42
 33.58
 33.49
 33.92
 33.92
 34.12
 33.99
 34.11
 33.5
 32.85
 31.75
 32.25
 32.36
 32.39
 32.57
 32.5
 32.87
 32.67
 33.02
 30.36
 29.98
 29.09
 29.64
 30.47
 30.68
 30.49
 30.52
 30.63
 30.96
 31.1
 31.04
 30.69
 30.78
 30.33
 30.51
 30.12
 30.29
 30.35
 29.42
 29.77
 29.36
 29.95
 30.44
 30.74
 30.57
 31.24
 31.71
 30.73
 30.53
 30.14
 29.91
 29.7
 30.16
 29.91
 30.22
 29.86
 29.75
 29.82
 28.65
 28.31
 27.36
 28.08
 28.15
 28.46
 28.54
 29.54
 29.58
 30.34
 30.89
 31.28
 30.1
 30.4
 30.87
 30.62
 30.6
 30.56
 30.64
 30.96
 30.58
 30.89
 30.6
 30.66
 30.67
 30.7
 29.37
 30.06
 30
 29.61
 29.63
 29.56
 29.45
 29.55
 29.71
 29.81
 29.84
 29.79
 30.47
 30.63
 30.85
 30.83
 31.15
 31.13
 31.22
 31.06
 31.12
 30.82
 29.98
 29.95
 29.81
 29.92
 29.96
 30.22
 30.63
 30.28
 30.28
 30.67
 30.8
 30.68
 30.51
 31.06
 31.07
 30.77
 31.39
 31.4
 31.01
 31.36
 31.95
 31.63
 31.87
 31.98
 32.35
 32.39
 31.75
 31.88
 32.2
 32.2
 32.02
 32.25
 31.95
 32.03
 32.08
 32.1
 30.79
 30.34
 30.68
 30.88
 30.96
 30.79
 30.62
 30.7
 30.59
 30.53
 30.3
 30.38
 30.62
 30.47
 31.09
 31.25
 31.62
 31.8
 32.19
 32.41
 32.28
 32.14
 32.27
 31.93
 31.91
 31.86
 30.58
 31.09
 31.48
 31.68
 32.1
 32.49
 31.93
 32.11
 32.18
 32.29
 32.35
 32.3
 32.44
 32.41
 32.54
 32.45
 32.58
 32.55
 32.53
 32.98
 33.51
 33.43
 33.84
 33.98
 34.3
 34.25
 33.54
 33.76
 33.46
 33.65
 33.71
 33.58
 33.26
 33.09
 32.79
 32.13
 32.09
 33.24
 33.81
 34.15
 34.34
 34.18
 34.05
 34.12
 34.17
 33.49
 33.96
 34.06
 34.54
 34.54
 34.48
 34.86
 34.09
 34.34
 34.97
 35.38
 34.98
 35.16
 35.39
 34.82
 34.93
 34.72
 34.96
 35.15
 35.26
 35.38
 35.72
 35.89
 36.25
 36.79
 37.58
 38.74
 38.38
 37.91
 37.31
 37.16
 36.76
 37.15
 37.91
 37.6
 37.38
 37.38
 37.38
 37.43
 37.84
 37.41
 37.08
 37.19
 37.51
 37.66
 37.48
 37.05
 37.42
 37.58
 37.47
 37.9
 37.79
 37.81
 38.47
 38.23
 38.17
 37.74
 36.82
 36.91
 38.49
 38.06
 38.2
 38.49
 38.95
 38.89
 39.17
 39.25
 39.42
 39.38
 39.37
 39.17
 39.16
 38.95
 39.5
 39.63
 38
 37.18
 37.6
 37.75
 37.26
 37.4
 37.66
 37.38
 37.32
 37.55
 38.1
 38.19
 38.2
 38.04
 38.06
 38.17
 38.35
 38.26
 38.59
 38.5
 38.74
 38.93
 39.15
 39.07
 38.96
 39.16
 39.24
 39.04
 39.08
 38.86
 39.06
 39.1
 39.25
 39.37
 38.8
 38.57
 38.1
 38.09
 37.87
 38.03
 38.38
 38.52
 39.04
 38.63
 38.5
 38.25
 38.58
 37.05
 37.43
 37.62
 36.96
 37.63